Directory MidiFile\midi.mid
Length 9300000
Quarter Note 300000
Tempo 200
Resolution 384
Track 1
Note value 18[76, 78, 79, 81, 79, 78, 76, 74, 76, 74, 76, 78, 78, 76, 76, 74, 74, 76]
Volume 18[127, 127, 127, 127, 127, 127, 127, 127, 127, 127, 127, 127, 127, 127, 127, 127, 127, 127]
Note Rest 19[0, 76, 78, 79, 81, 79, 78, 76, 74, 76, 74, 76, 78, 78, 76, 76, 74, 74, 76]
Rest 19[0, 384, 384, 2304, 384, 384, 192, 384, 384, 2304, 384, 192, 384, 1152, 384, 192, 384, 192, 1536]
Duration 18[0, 384, 384, 2304, 384, 384, 192, 384, 384, 2304, 384, 192, 384, 1152, 384, 192, 384, 192]
